    9
AP_000649.     0.000000  0.013333  0.008267  0.005014  0.012218  0.013843  0.023917  0.027409  0.045254
NP_008222.     0.013333  0.000000  0.009975  0.013211  0.012106  0.013731  0.023856  0.027226  0.045193
NP_008209.     0.008267  0.009975  0.000000  0.006544  0.011354  0.013003  0.022041  0.027206  0.036987
NP_008196.     0.005014  0.013211  0.006544  0.000000  0.012990  0.014639  0.022194  0.027249  0.043531
NP_006899.     0.012218  0.012106  0.011354  0.012990  0.000000  0.003309  0.024063  0.027795  0.037334
NP_007066.     0.013843  0.013731  0.013003  0.014639  0.003309  0.000000  0.022411  0.026143  0.038982
AP_004902.     0.023917  0.023856  0.022041  0.022194  0.024063  0.022411  0.000000  0.011644  0.021337
NP_904338.     0.027409  0.027226  0.027206  0.027249  0.027795  0.026143  0.011644  0.000000  0.024134
NP_007105.     0.045254  0.045193  0.036987  0.043531  0.037334  0.038982  0.021337  0.024134  0.000000
